multiband (3), multiecho (5)

TR = 2 s

TE (ms)
 echo1: 14.4
 echo2: 33.9
 echo3: 53.4
 echo4: 72.9
 echo5: 92.4 

Voxel resolution: 2.4 × 2.4 × 2.5 mm

number of slices: 48

slice order:
[0 0.865 1.7325 0.6175 1.485 0.37 1.2375 0.1225 0.99 1.855 0.7425 1.6075 0.495 1.36 0.2475 1.1125 0 0.865 1.7325 0.6175 1.485 0.37 1.2375 0.1225 0.99 1.855 0.7425 1.6075 0.495 1.36 0.2475 1.1125 0 0.865 1.7325 0.6175 1.485 0.37 1.2375 0.1225 0.99 1.855 0.7425 1.6075 0.495 1.36 0.2475 1.1125]

Experimental design: event-related
